# nutrients listed in mg, energy in kJ, price in SEK, per 100 g of each food
# food:    protein carbohydrate fat A      B1    B2    B3    B12  C    D     K      energy price 
Carrot:         930  9600       240 0.835  0.066 0.058 0.983 0    5.9  0     0.0132 173    1.95
Potato:        2000 17000        90 0.0006 0.08  0.03  1.05  0   19.7  0     0.0019 322    0.49
Onion:         1100  9340       100 0      0.046 0.027 0.116 0    7.4  0     0      166    0.99
Wheat_flour:  13700 72500      1870 0      0.447 0.215 6.365 0    0    0     0     1418    1.20
Yeast_(dry):  40440 41220      7610 0     10.99  4.0  40.3   0    0.3  0     0     1361   31.96 
Soy_beans:    36490 30160     19940 0.001  0.874 0.87  1.623 0    6.0  0     0.047 1866    6.50 
Hazelnuts:    14950 16700     60750 0.001  0.643 0.113 1.8   0    6.3  0     0.014 2629    6.95 
Apple:          260 13810       170 0.003  0.017 0.026 0.091 0    4.6  0     0.002  218    0.95
Cabbage:       1280  5800       100 0      0.061 0.040 0.234 0   36.6  0     0.076  103    0.49
Tomato:         900  3900       200 0.042  0.037 0     0.594 0   14.0  0     0.008   74    2.99
Broccoli:      2820  6640       370 0.031  0.071 0.117 0.639 0   89.2  0     0.101  141    2.69
Avocado:       2000  8530     14660 0.007  0.067 0.13  1.738 0   10.0  0     0.021  670    5.99
Brown_Sugar:      0 97330         0 0      0.008 0.007 0.082 0    0    0     0     1576    1.09
Bananas:       1090 22840       330 0      0.031 0.073 0.665 0    8.7  0     0      371    1.99
Spinach:       2900  3600       400 0.469  0.078 0.189 0.724 0   28.0  0     0.483   97    2.99
Olive_oil:        0     0    100000 0      0     0     0     0    0    0     0.06  3699   12.90
Mushrooms:     3090  3260       340 0      0.081 0.402 3.607 0.00004 2.1  0.002 0    93    6.90   

Milk:          3220  5260      3250 0.046  0.044 0.183 0     0.0005 0  0.080 0      252    0.99
Cheddar:      24900  1300     33100 0.602  0.03  0.320 0.05  0.0016 0  0.180 0.003 1682   17.90
Eggs:         12600  1120     10600 0.149  0.066 0.5   0.064 0.001 0   0.001 0.03  647    2.99

Pork_Shoulder: 19900     0      8670 0.009  0.79  0.280 6.68  0.007 0   0.006 0      647    6.99
Ground_Beef:  19190     0     12440 0.012  0.23  0.2   4.16  0.002 0   0     0      787    7.99
Salmon_Filet: 20000     0     16000 0.026  0.120 0.11  7.3   0.004 0   0.01  0      964   19.90
Chicken_meat: 21500     0      6900 0.024  0.190 0.15 12.0   0.0003 0  0.002 0      621    8.99
Chicken_Liver: 19400   700      3800 9.5    0.48  2.4  12.0   0.032 33.8 0.0004 0    482    7.99

Vegan_Supplement:  0     0         0 0      0     0     0     2.0   0  10     0        0    1000




